 -34.54198469443776 -58.496103286743164
 -34.54106559358218 -58.497047424316406
 -34.53986367715028 -58.49824905395508
 -34.53873244583166 -58.49945068359375
 -34.53753049571174 -58.499794006347656
 -34.535550775330854 -58.50142478942871
 -34.534348779274445 -58.50193977355957
 -34.53328818010773 -58.50288391113281
 -34.53215685943872 -58.50374221801758
 -34.531449776214835 -58.503828048706055
 -34.530459849614076 -58.50520133972168
 -34.52939920091108 -58.50563049316406
 -34.528550672221876 -58.50614547729492
 -34.527631423051865 -58.506832122802734
 -34.526782876350374 -58.50760459899902
 -34.52586360766728 -58.50811958312988
 -34.52501504295394 -58.50889205932617
 -34.52409575475822 -58.50940704345703
 -34.52345931852514 -58.51000785827637
 -34.522752161451514 -58.511037826538086
 -34.521620697646114 -58.511552810668945
 -34.52664145105957 -58.509578704833984
 -34.52748999920201 -58.50889205932617
 -34.5286213832762 -58.50820541381836
 -34.52961133173244 -58.50777626037598
 -34.53074268698658 -58.50666046142578
 -34.53116694124406 -58.506317138671875
 -34.53201544327429 -58.50588798522949
 -34.53279322920645 -58.50520133972168
 -34.5337831280668 -58.504343032836914
 -34.53470230932772 -58.50399971008301
 -34.535621480440824 -58.503055572509766
 -34.536399232687245 -58.50262641906738
 -34.53745979222307 -58.501596450805664
 -34.53873244583166 -58.50099563598633
 -34.53965157244902 -58.500308990478516
 -34.54028788493146 -58.4996223449707
 -34.54120699437438 -58.49867820739746
 -34.54198469443776 -58.49799156188965
 -34.54283308621971 -58.49721908569336
 -34.537742605817456 -58.49850654602051
 -34.53745979222307 -58.497562408447266
 -34.53703557003004 -58.496360778808594
 -34.536540641405985 -58.49550247192383
 -34.53611641452921 -58.4941291809082
 -34.535055837879845 -58.49189758300781
 -34.53441948540518 -58.49018096923828
 -34.53406595415098 -58.48915100097656
 -34.535550775330854 -58.50013732910156
 -34.53498513228952 -58.498849868774414
 -34.53449019147589 -58.49824905395508
 -34.53406595415098 -58.49696159362793
 -34.53350030102189 -58.49567413330078
 -34.53873244583166 -58.50743293762207
 -34.53837893289197 -58.506574630737305
 -34.53788401225436 -58.50545883178711
 -34.53731838506559 -58.50374221801758
 -34.53696486612103 -58.50314140319824
 -34.53936876533996 -58.508291244506836
 -34.539722274076155 -58.509578704833984
 -34.539580870761824 -58.50142478942871
 -34.539792975643245 -58.50228309631348
 -34.54028788493146 -58.50314140319824
 -34.540712090550805 -58.503828048706055
 -34.54099489309601 -58.50468635559082
 -34.54156049530397 -58.50563049316406
 -34.51886269023256 -58.51618766784668
 -34.51794333413654 -58.51696014404297
 -34.51716540951557 -58.51790428161621
 -34.516599641592414 -58.51850509643555
 -34.51603386982723 -58.51919174194336
 -34.51546809422005 -58.51996421813965
 -34.51497303741214 -58.52039337158203
 -34.514336531479785 -58.52133750915527
 -34.51412436175513 -58.52245330810547
 -34.513982914971876 -58.52339744567871
 -34.513982914971876 -58.524513244628906
 -34.51412436175513 -58.52494239807129
 -34.51334640147578 -58.52399826049805
 -34.51242698450836 -58.52442741394043
 -34.512002634794094 -58.52485656738281
 -34.511295380468056 -58.525800704956055
 -34.51058812013928 -58.526315689086914
 -34.509668672737845 -58.52786064147949
 -34.50889067085935 -58.5296630859375
 -34.50938576380421 -58.52871894836426
 -34.50938576380421 -58.526058197021484
 -34.50981012684452 -58.52485656738281
 -34.51065884644229 -58.52408409118652
 -34.51094175105401 -58.52374076843262
 -34.50931503642075 -58.52691650390625
 -34.50881994305569 -58.52794647216797
 -34.511436831813484 -58.522281646728516
 -34.51164900838142 -58.52185249328613
 -34.511861184409106 -58.52099418640137
 -34.51164900838142 -58.51893424987793
 -34.511790459126566 -58.51962089538574
 -34.511436831813484 -58.51773262023926
 -34.51101247705687 -58.51713180541992
 -34.510517393776254 -58.5161018371582
 -34.51002230755432 -58.51524353027344
 -34.51249770925064 -58.51936340332031
 -34.51306350502786 -58.51962089538574
 -34.51377074434677 -58.51944923400879
 -34.5138414679485 -58.51850509643555
 -34.51476086930829 -58.518075942993164
 -34.515114482514555 -58.51747512817383
 -34.5148315920696 -58.516788482666016
 -34.51461942360559 -58.51593017578125
 -34.51461942360559 -58.51524353027344
 -34.51426580829827 -58.51421356201172
 -34.51596314808644 -58.517045974731445
 -34.51652892033188 -58.51644515991211
 -34.51723613023582 -58.5157585144043
 -34.517801893836655 -58.51524353027344
 -34.51829693383567 -58.514814376831055
 -34.518579812514375 -58.51447105407715
 -34.519004128731446 -58.51395606994629
 -34.50768829003379 -58.53764533996582
 -34.50797120472986 -58.53867530822754
 -34.508395574973235 -58.539276123046875
 -34.50910285391016 -58.53987693786621
 -34.50973939982121 -58.54013442993164
 -34.51037594087013 -58.54039192199707
 -34.51108320299971 -58.54047775268555
 -34.51150755739616 -58.54082107543945
 -34.51228553484371 -58.540992736816406
 -34.512780607619476 -58.54107856750488
 -34.513275677453834 -58.54133605957031
 -34.51391219149021 -58.54142189025879
 -34.51454870066418 -58.54167938232422
 -34.51518520497571 -58.5421085357666
 -34.51589242628562 -58.542795181274414
 -34.516670362792915 -58.54296684265137
 -34.51723613023582 -58.54313850402832
 -34.51794333413654 -58.5432243347168
 -34.518579812514375 -58.5435676574707
 -34.519357723928074 -58.543996810913086
 -34.51971131762385 -58.54408264160156
 -34.5203477824941 -58.54434013366699
 -34.52133782929332 -58.545026779174805
 -34.52190356503833 -58.54519844055176
 -34.522540013158704 -58.545284271240234
 -34.523035025001406 -58.54537010192871
 -34.529116358975344 -58.5311222076416
 -34.528550672221876 -58.53137969970703
 -34.527843558376325 -58.53146553039551
 -34.52734857511201 -58.53146553039551
 -34.526782876350374 -58.53095054626465
 -34.526429312673045 -58.52992057800293
 -34.5255100400874 -58.52940559387207
 -34.52508575701025 -58.52897644042969
 -34.52444932834195 -58.527774810791016
 -34.52430789908857 -58.5270881652832
 -34.523954324904466 -58.526315689086914
 -34.52360074921942 -58.52519989013672
 -34.522964309203985 -58.524169921875
 -34.522398580663314 -58.52322578430176
 -34.52204499837422 -58.52262496948242
 -34.52169141458422 -58.52142333984375
 -34.52119639475671 -58.520565032958984
 -34.520842807364566 -58.51970672607422
 -34.52133782929332 -58.52262496948242
 -34.520630654208865 -58.523826599121094
 -34.51999419149987 -58.52425575256348
 -34.519357723928074 -58.52494239807129
 -34.51865053203397 -58.525543212890625
 -34.51808477419629 -58.52640151977539
 -34.517801893836655 -58.52700233459473
 -34.517589732936585 -58.527517318725586
 -34.51681180501384 -58.528547286987305
 -34.51610459150798 -58.529319763183594
 -34.51575098250388 -58.52957725524902
 -34.51518520497571 -58.52974891662598
 -34.51461942360559 -58.53034973144531
 -34.51391219149021 -58.530778884887695
 -34.51348784933956 -58.531036376953125
 -34.51313422922988 -58.531551361083984
 -34.512780607619476 -58.53189468383789
 -34.51193190963161 -58.53240966796875
 -34.511436831813484 -58.53292465209961
 -34.51249770925064 -58.53095054626465
 -34.51207335989653 -58.5296630859375
 -34.511861184409106 -58.52897644042969
 -34.5115782829188 -58.528032302856445
 -34.511436831813484 -58.52743148803711
 -34.51101247705687 -58.5267448425293
 -34.518367653595405 -58.52442741394043
 -34.51794333413654 -58.52391242980957
 -34.517519012516495 -58.523054122924805
 -34.51737757149622 -58.52236747741699
 -34.51723613023582 -58.52168083190918
 -34.51695324699463 -58.52073669433594
 -34.51638747763071 -58.5201358795166
 -34.51631675619007 -58.51987838745117
 -34.520559936370226 -58.5186767578125
 -34.51999419149987 -58.51799011230469
 -34.519640599004774 -58.51713180541992
 -34.51928700500882 -58.516788482666016
 -34.51808477419629 -58.514041900634766
 -34.517589732936585 -58.512840270996094
 -34.51723613023582 -58.51241111755371
 -34.51681180501384 -58.51189613342285
 -34.51638747763071 -58.511295318603516
 -34.51624603468941 -58.5106086730957
 -34.51589242628562 -58.50975036621094
 -34.51560953848203 -58.508806228637695
 -34.51546809422005 -58.50837707519531
 -34.515397371999015 -58.50786209106445
 -34.51518520497571 -58.50726127624512
 -34.51497303741214 -58.506317138671875
 -34.5255100400874 -58.51017951965332
 -34.52459075735517 -58.510780334472656
 -34.523247172033436 -58.511810302734375
 -34.522822877429036 -58.51241111755371
 -34.52204499837422 -58.51326942443848
 -34.52147926358979 -58.51369857788086
 -34.520701371987464 -58.514299392700195
 -34.51999419149987 -58.514814376831055
 -34.52437861374528 -58.512325286865234
 -34.52487361466116 -58.51318359375
 -34.52536861263517 -58.51395606994629
 -34.52593432100313 -58.51498603820801
 -34.526358599757465 -58.51584434509277
 -34.526782876350374 -58.516788482666016
 -34.527207150781834 -58.51764678955078
 -34.52741928718703 -58.518333435058594
 -34.527843558376325 -58.519277572631836
 -34.52847996110751 -58.52073669433594
 -34.528974937647234 -58.52142333984375
 -34.52939920091108 -58.52219581604004
 -34.52961133173244 -58.52262496948242
 -34.53031843056757 -58.52408409118652
 -34.53095481438551 -58.52459907531738
 -34.52310574073879 -58.52116584777832
 -34.522540013158704 -58.5215950012207
 -34.523883609887534 -58.52065086364746
 -34.52444932834195 -58.52022171020508
 -34.52508575701025 -58.519792556762695
 -34.52565146729947 -58.51936340332031
 -34.52607574749474 -58.51893424987793
 -34.526924301401024 -58.51816177368164
 -34.528126404635046 -58.5172176361084
 -34.52890422689311 -58.516530990600586
 -34.52961133173244 -58.5161018371582
 -34.53024772095424 -58.51524353027344
 -34.53074268698658 -58.514556884765625
 -34.531237650076825 -58.51369857788086
 -34.53152048480743 -58.51275444030762
 -34.532298275362976 -58.511552810668945
 -34.53279322920645 -58.51069450378418
 -34.53357100787319 -58.509836196899414
 -34.53456089748654 -58.508806228637695
 -34.53590430028017 -58.50863456726074
 -34.536540641405985 -58.50837707519531
 -34.53738908867436 -58.50794792175293
 -34.537742605817456 -58.5076904296875
 -34.53180331857733 -58.507347106933594
 -34.53215685943872 -58.50786209106445
 -34.53236898323504 -58.50872039794922
 -34.5328639366582 -58.50940704345703
 -34.53357100787319 -58.51052284240723
 -34.53371242139564 -58.51146697998047
 -34.53399524772001 -58.51223945617676
 -34.534631603437155 -58.51301193237305
 -34.535055837879845 -58.51369857788086
 -34.5354093649308 -58.51472854614258
 -34.53569218549073 -58.51524353027344
 -34.53003559175402 -58.504085540771484
 -34.52961133173244 -58.50271224975586
 -34.528974937647234 -58.501596450805664
 -34.52876280520474 -58.50090980529785
 -34.52826782740415 -58.49987983703613
 -34.527843558376325 -58.499107360839844
 -34.52756071115696 -58.49850654602051
 -34.527277862976945 -58.49773406982422
 -34.526782876350374 -58.49678993225098
 -34.53251039879902 -58.50125312805176
 -34.53208615138653 -58.50022315979004
 -34.53173261022492 -58.49936485290527
 -34.53109623235125 -58.4981632232666
 -34.53074268698658 -58.497304916381836
 -34.53031843056757 -58.49644660949707
 -34.53010630154747 -58.49593162536621
 -34.52968204188614 -58.495073318481445
 -34.522893593346524 -58.509063720703125
 -34.522186431469976 -58.50760459899902
 -34.52119639475671 -58.50691795349121
 -34.520559936370226 -58.50648880004883
 -34.520559936370226 -58.50520133972168
 -34.52013562807766 -58.50391387939453

