-34.649449404235334 -58.409671783447266
-34.6493081875731 -58.406925201416016
-34.65057912887337 -58.40606689453125
-34.64902575352698 -58.40383529663086
-34.648037226788226 -58.40486526489258
-34.648884536143086 -58.405208587646484
-34.64796661728444 -58.40632438659668
-34.648249054938795 -58.40752601623535
-34.648390273405155 -58.408684730529785
-34.64743704408914 -58.4033203125
-34.64662502528647 -58.40237617492676
-34.64584830420737 -58.40190410614014
-34.64623666565647 -58.40336322784424
-34.64666033061717 -58.405208587646484
-34.646801551789665 -58.406453132629395
-34.64697807791702 -58.407697677612305
-34.64715460366851 -58.40988636016846
-34.64764887377318 -58.41125965118408
-34.64779009326186 -58.412418365478516
-34.64860210065366 -58.41207504272461
-34.64937879593428 -58.413920402526855
-34.649449404235334 -58.41555118560791
-34.64952001247625 -58.417181968688965
-34.671193898971005 -58.41907024383545
-34.670452703323036 -58.41838359832764
-34.67017034133172 -58.41829776763916
-34.66974679654011 -58.41756820678711
-34.67182920424781 -58.418641090393066
-34.67260568185789 -58.418211936950684
-34.67165273104856 -58.419456481933594
-34.67214685505898 -58.41988563537598
-34.67260568185789 -58.42031478881836
-34.6731350942369 -58.41958522796631
-34.6736997970448 -58.419456481933594
-34.67440567014055 -58.41876983642578
-34.67359391556158 -58.41838359832764
-34.672993917933354 -58.4177827835083
-34.673523327830914 -58.41756820678711
-34.67401744068234 -58.4168815612793
-34.673276270299816 -58.4212589263916
-34.67405273434465 -58.42113018035889
-34.67486448442685 -58.421173095703125
-34.67253509328502 -58.42207431793213
-34.671935087986874 -58.422889709472656
-34.67147625747336 -58.423404693603516
-34.67091153950617 -58.42422008514404
-34.65968697130105 -58.41653823852539
-34.66173433297161 -58.4168815612793
-34.66314627706533 -58.41731071472168
-34.66434641062826 -58.417396545410156
-34.665334742862946 -58.4172248840332
-34.66646425098077 -58.417396545410156
-34.66759374369988 -58.4172248840332
-34.668934996303214 -58.417396545410156
-34.669429136525274 -58.41636657714844
-34.67006445533684 -58.415679931640625
-34.67154684694855 -58.41301918029785
-34.67408802799191 -58.414907455444336
-34.67528800305057 -58.415937423706055
-34.629252979439194 -58.371219635009766
-34.62981798125999 -58.37362289428711
-34.630806725187554 -58.37516784667969
-34.632360441836404 -58.37413787841797
-34.63123046897771 -58.37207794189453
-34.63151296363535 -58.369503021240234
-34.633914129385154 -58.370361328125
-34.633490399303305 -58.37207794189453
-34.63490282449188 -58.372764587402344
-34.6354677878332 -58.371219635009766
-34.63589150781387 -58.36933135986328
-34.6333491554617 -58.36641311645508
-34.626145400646315 -58.36761474609375
-34.624167789904895 -58.3677864074707
-34.622048868951026 -58.36761474609375
-34.61964735979718 -58.367958068847656
-34.672464504652 -58.47490310668945
-34.672464504652 -58.47249984741211
-34.672040971590604 -58.46803665161133
-34.671193898971005 -58.46494674682617
-34.66949972774494 -58.4637451171875
-34.66822907658728 -58.46597671508789
-34.66667603203856 -58.46803665161133
-34.66484057821928 -58.46872329711914
-34.66272269636344 -58.466835021972656
-34.66131074505198 -58.46546173095703
-34.660322364818896 -58.46357345581055
-34.66187552846364 -58.46151351928711
-34.6645581970996 -58.47043991088867
-34.66964091000385 -58.467350006103516
-34.67006445533684 -58.46906661987305
-34.671617436363604 -58.470096588134766
-34.67260568185789 -58.470096588134766
-34.672464504652 -58.465633392333984
-34.671193898971005 -58.46254348754883
-34.67034681768909 -58.46048355102539
-34.67260568185789 -58.460655212402344
-34.66639365717454 -58.44057083129883
-34.66469938777974 -58.438682556152344
-34.66272269636344 -58.43610763549805
-34.66187552846364 -58.4337043762207
-34.66088715496703 -58.431644439697266
-34.65975757082139 -58.429412841796875
-34.6587691720633 -58.427696228027344
-34.658063165732955 -58.425636291503906
-34.65778076151677 -58.424434661865234
-34.65679233918193 -58.4223747253418
-34.65608631601125 -58.41997146606445
-34.66724077887933 -58.437652587890625
-34.66822907658728 -58.43610763549805
-34.668934996303214 -58.433876037597656
-34.66512295837656 -58.44245910644531
-34.66441700617886 -58.4446907043457
-34.66272269636344 -58.44606399536133
-34.662299113496196 -58.446922302246094
-34.660463562716814 -58.443660736083984
-34.65947517237913 -58.442630767822266
-34.658063165732955 -58.44125747680664
-34.656933543094354 -58.44005584716797
-34.65608631601125 -58.43851089477539
-34.65538028682626 -58.437652587890625
-34.65721595019746 -58.436622619628906
-34.6587691720633 -58.43473434448242
-34.65961637172055 -58.433876037597656
-34.66568771580391 -58.3897590637207
-34.66709959253004 -58.3894157409668
-34.66766433648354 -58.38787078857422
-34.667381964988 -58.38563919067383
-34.66371104796619 -58.38890075683594
-34.66145194126578 -58.38787078857422
-34.65933397279713 -58.38838577270508
-34.664981768418215 -58.38357925415039
-34.66371104796619 -58.382720947265625
-34.6661112813481 -58.382720947265625
-34.66724077887933 -58.38340759277344
-34.667805521870385 -58.38254928588867
-34.66851144519549 -58.38460922241211
-34.66907617952457 -58.38701248168945
-34.66992327379979 -58.38254928588867
-34.66822907658728 -58.38117599487305
-34.6661112813481 -58.38031768798828
-34.66484057821928 -58.38014602661133
-34.655662699221956 -58.36160659790039
-34.656933543094354 -58.360748291015625
-34.65820436748018 -58.35988998413086
-34.658910372607636 -58.359031677246094
-34.660322364818896 -58.35783004760742
-34.66356985560187 -58.35594177246094
-34.66512295837656 -58.35371017456055
-34.667805521870385 -58.3509635925293
-34.66879381284126 -58.35044860839844
-34.66992327379979 -58.34959030151367
-34.66978209202212 -58.351993560791016
-34.66879381284126 -58.352508544921875
-34.667805521870385 -58.35336685180664
-34.67048799850428 -58.348731994628906
-34.67147625747336 -58.34821701049805
-34.67218214951836 -58.34667205810547
-34.67401744068234 -58.34907531738281
-34.67514683041664 -58.34821701049805
-34.675852691180026 -58.34735870361328
-34.66441700617886 -58.35182189941406
-34.66328747015144 -58.35371017456055
-34.662299113496196 -58.35439682006836
-34.66131074505198 -58.35594177246094
-34.65947517237913 -58.35662841796875
-34.658063165732955 -58.35765838623047

