-34.53936876533996 -58.711581230163574
-34.5384142842535 -58.71050834655762
-34.537176977667905 -58.71136665344238
-34.53604570983958 -58.71068000793457
-34.53611641452921 -58.709092140197754
-34.537176977667905 -58.706560134887695
-34.53873244583166 -58.707032203674316
-34.5394394672073 -58.7080192565918
-34.54035858601814 -58.70874881744385
-34.54145444518272 -58.71119499206543
-34.54028788493146 -58.712825775146484
-34.54240889140968 -58.71235370635986
-34.543928912805974 -58.713812828063965
-34.545837737564845 -58.71595859527588
-34.54742839142073 -58.717546463012695
-34.548488810433824 -58.718833923339844
-34.54969060231306 -58.72037887573242
-34.55195275170574 -58.722310066223145
-34.55347259878702 -58.724026679992676
-34.5329346440499 -58.70913505554199
-34.53060126842042 -58.70870590209961
-34.52890422689311 -58.70698928833008
-34.52869209427049 -58.70450019836426
-34.529116358975344 -58.70364189147949
-34.53074268698658 -58.70389938354492
-34.53272252169466 -58.705101013183594
-34.53449019147589 -58.70389938354492
-34.53095481438551 -58.710336685180664
-34.527631423051865 -58.71119499206543
-34.52628788678184 -58.71025085449219
-34.52473218612824 -58.70896339416504
-34.525439326391314 -58.707590103149414
-34.52310574073879 -58.70939254760742
-34.53017701128088 -58.69840621948242
-34.525792894271376 -58.69394302368164
-34.52685358890571 -58.69214057922363
-34.52833853869864 -58.69068145751953
-34.52939920091108 -58.688106536865234
-34.52741928718703 -58.68578910827637
-34.52607574749474 -58.68338584899902
-34.52409575475822 -58.681068420410156
-34.520277064415325 -58.674373626708984
-34.513417125437684 -58.66467475891113
-34.519499161586495 -58.67317199707031
-34.51907484789084 -58.6724853515625
-34.51850909293475 -58.67197036743164
-34.51822621401591 -58.671369552612305
-34.517801893836655 -58.67042541503906
-34.517660453296635 -58.671627044677734
-34.51723613023582 -58.67239952087402
-34.516670362792915 -58.67325782775879
-34.51631675619007 -58.673601150512695
-34.51603386982723 -58.6739444732666
-34.51546809422005 -58.674373626708984
-34.51525592737685 -58.67480278015137
-34.51306350502786 -58.6684513092041
-34.51412436175513 -58.66767883300781
-34.51454870066418 -58.66707801818848
-34.515114482514555 -58.666391372680664
-34.51454870066418 -58.665361404418945
-34.513982914971876 -58.66527557373047
-34.51546809422005 -58.667335510253906
-34.51589242628562 -58.668107986450195
-34.51631675619007 -58.66819381713867
-34.50224199495206 -58.64819526672363
-34.50188832712285 -58.64630699157715
-34.50217126150625 -58.647165298461914
-34.503232256891124 -58.648881912231445
-34.50436397041644 -58.6505126953125
-34.5039395796451 -58.64956855773926
-34.50245419492934 -58.65008354187012
-34.502595661280765 -58.65094184875488
-34.502312728337834 -58.65248680114746
-34.5023834616636 -58.6490535736084
-34.50068584527987 -58.647422790527344
-34.500049230223105 -58.648109436035156
-34.501251721249034 -58.64630699157715
-34.50167612570509 -58.64527702331543
-34.5023834616636 -58.64476203918457
-34.50266639436644 -58.64604949951172
-34.49912966655852 -58.6490535736084
-34.49806861895719 -58.65025520324707
-34.49714903344632 -58.65171432495117
-34.49637091470728 -58.65274429321289
-34.49495613475886 -58.65420341491699
-34.49382429351597 -58.655405044555664
-34.49339984908898 -58.65557670593262
-34.49276317839763 -58.656606674194336
-34.491914276580914 -58.65772247314453
-34.493612071572535 -58.653860092163086
-34.4923387285695 -58.653602600097656
-34.49156056494012 -58.6534309387207
-34.49092388020593 -58.65222930908203
-34.490499421015976 -58.65145683288574
-34.490145703374054 -58.65034103393555
-34.48957975202644 -58.649139404296875
-34.489155285995295 -58.64879608154297
-34.488589327926576 -58.64776611328125
-34.48823560218332 -58.64699363708496
-34.487598892064916 -58.64622116088867
-34.48710366972347 -58.64527702331543
-34.48653769773275 -58.64424705505371
-34.503444454347544 -58.680381774902344
-34.50330298943661 -58.678836822509766
-34.50330298943661 -58.676090240478516
-34.503444454347544 -58.673343658447266
-34.503444454347544 -58.671627044677734
-34.503444454347544 -58.66905212402344
-34.50316152428561 -58.66682052612305
-34.505000552521985 -58.67780685424805
-34.506273702147595 -58.67643356323242
-34.50740537437733 -58.674888610839844
-34.50797120472986 -58.67403030395508
-34.50924430897724 -58.672828674316406
-34.51065884644229 -58.671112060546875
-34.51136610617078 -58.67025375366211
-34.512780607619476 -58.66905212402344
-34.546898176846916 -58.69020938873291
-34.5465093506791 -58.691067695617676
-34.54700422003194 -58.69149684906006
-34.54749908644201 -58.690853118896484
-34.5479939499093 -58.69123935699463
-34.54778186592652 -58.69175434112549
-34.54753443393011 -58.69226932525635
-34.54711026308182 -58.69274139404297
-34.54622656687055 -58.692355155944824
-34.54576704113227 -58.69179725646973
-34.54520146750964 -58.691067695617676
-34.54484798204372 -58.69063854217529
-34.54544890644247 -58.690338134765625
-34.54615587076828 -58.690552711486816
-34.546014478383555 -58.69025230407715
-34.545731692893455 -58.68969440460205
-34.54636795889494 -58.6895227432251
-34.546544698587624 -58.689823150634766
-34.546014478383555 -58.68917942047119
-34.54537820967958 -58.68853569030762
-34.54502472496434 -58.68819236755371
-34.54484798204372 -58.68875026702881
-34.54449449507642 -58.68922233581543
-34.544141006607795 -58.689565658569336
-34.54435309986915 -58.69016647338867
-34.54460054132425 -58.69038105010986
-34.543716818463665 -58.69025230407715
-34.5434693743812 -58.690552711486816
-34.54389356378645 -58.69141101837158
-34.54438844869349 -58.691582679748535
-34.54460054132425 -58.69171142578125
-34.544812633414544 -58.69102478027344
-34.54498937641024 -58.69218349456787
-34.54311588155867 -58.691110610961914
-34.54272703771987 -58.69149684906006
-34.54251494031487 -58.692054748535156
-34.54209074388342 -58.69149684906006
-34.54159584531435 -58.6909818649292
-34.541136294008304 -58.6904239654541
-34.540888842254155 -58.69025230407715
-34.54011113195202 -58.691368103027344
-34.53975762486721 -58.6918830871582
-34.53929806341256 -58.692312240600586
-34.53912130833138 -58.692569732666016
-34.53883849942082 -58.69325637817383
-34.53873244583166 -58.693599700927734

