-34.52154335092631 -58.700557351112366
-34.52154335092631 -58.70051711797714
-34.52154335092631 -58.70049834251404
-34.521545560833594 -58.700474202632904
-34.5215477707408 -58.700452744960785
-34.5215477707408 -58.70044469833374
-34.5215477707408 -58.70040714740753
-34.5215477707408 -58.70039373636246
-34.52155219055506 -58.70037227869034
-34.52155661036909 -58.70035082101822
-34.52155661036909 -58.70032399892807
-34.52155661036909 -58.700294494628906
-34.521554400462115 -58.70029181241989
-34.521567659903134 -58.70051711797714
-34.521572079716336 -58.70049297809601
-34.52157428962285 -58.70046615600586
-34.52157428962285 -58.700442016124725
-34.52157428962285 -58.700425922870636
-34.521576499529296 -58.7004017829895
-34.521580919342036 -58.700342774391174
-34.52164942640946 -58.700294494628906
-34.52164500660035 -58.70032399892807
-34.52164721650493 -58.70036959648132
-34.52164721650493 -58.7003830075264
-34.52164942640946 -58.70040446519852
-34.52164942640946 -58.70043933391571
-34.52164942640946 -58.700484931468964
-34.52164721650493 -58.70051443576813
-34.52164721650493 -58.70053321123123
-34.52165163631391 -58.70057076215744
-34.52166047593118 -58.700551986694336
-34.521667105643516 -58.70052516460419
-34.52166931554751 -58.70049566030502
-34.52166931554751 -58.700463473796844
-34.52166931554751 -58.700436651706696
-34.52166931554751 -58.70040982961655
-34.521667105643516 -58.70039373636246
-34.521667105643516 -58.70035618543625
-34.52166931554751 -58.700310587882996
-34.52163174717165 -58.70062440633774
-34.52162290755134 -58.70066463947296
-34.52164942640946 -58.700793385505676
-34.521658266026954 -58.700804114341736
-34.521664895739455 -58.70086848735809
-34.52166931554751 -58.7007611989975
-34.521640586791015 -58.7007611989975
-34.52163395707658 -58.700814843177795
-34.5216251174565 -58.70082825422287
-34.521580919342036 -58.700820207595825
-34.52155219055506 -58.70080679655075
-34.52156103018289 -58.70077729225159
-34.521567659903134 -58.70077461004257
-34.521572079716336 -58.70075583457947
-34.521812959181325 -58.70116353034973
-34.52185052747546 -58.701203763484955
-34.52194334318831 -58.701303005218506
-34.52197428173629 -58.70131641626358
-34.52220853036948 -58.701466619968414
-34.52222178970638 -58.70144248008728
-34.52222399959567 -58.70143175125122
-34.52223283915218 -58.701418340206146
-34.52223946881896 -58.70140761137009
-34.52225051826242 -58.70139420032501
-34.52225493803938 -58.70138883590698
-34.52226377759263 -58.70137810707092
-34.52227482703286 -58.70135933160782
-34.52227924680855 -58.70134860277176
-34.52229029624672 -58.7013378739357
-34.522292506134185 -58.701329827308655
-34.522301345683445 -58.701313734054565
-34.52231018523176 -58.70130568742752
-34.52232123466583 -58.70129495859146
-34.52233228409844 -58.70128154754639
-34.5223389137573 -58.70127081871033
-34.52234554341564 -58.70125740766525
-34.522354382959264 -58.70124399662018
-34.52236985215835 -58.701219856739044
-34.52237648181422 -58.701211810112
-34.5223875312395 -58.701198399066925
-34.52239416089397 -58.70119035243988
-34.5222659874808 -58.70150417089462
-34.522285876471635 -58.701482713222504
-34.522305765457716 -58.701455891132355
-34.52231239511868 -58.70144784450531
-34.52231902477914 -58.701439797878265
-34.52232123466583 -58.701434433460236
-34.52233228409844 -58.70142102241516
-34.522349963187565 -58.70139956474304
-34.522354382959264 -58.701391518116
-34.52236764227295 -58.70138078927994
-34.52237648181422 -58.70136469602585
-34.5223875312395 -58.701351284980774
-34.52239637077868 -58.7013378739357
-34.52240521031691 -58.70132178068161
-34.5224140498542 -58.70130568742752
-34.522422889390555 -58.70130032300949
-34.52243172892597 -58.70128691196442
-34.52244056846045 -58.70126813650131
-34.5224471981107 -58.70125472545624
-34.52244498822734 -58.70105892419815
-34.52245603764352 -58.70102941989899
-34.52246045740961 -58.7010133266449
-34.52246045740961 -58.70099455118179
-34.5224582475266 -58.7009596824646
-34.52246266729255 -58.70091676712036
-34.52246487717543 -58.70090067386627
-34.52246708705826 -58.70088458061218
-34.522469296941026 -58.70085507631302
-34.522469296941026 -58.700841665267944
-34.52246708705826 -58.70082825422287
-34.522469296941026 -58.700804114341736
-34.52247371670639 -58.70076656341553
-34.52247371670639 -58.70075851678848
-34.52247813647153 -58.700731694698334
-34.522480346353994 -58.70069682598114
-34.522480346353994 -58.700678050518036
-34.52250907482087 -58.70108038187027
-34.52251128470252 -58.701061606407166
-34.522522334109915 -58.700973093509674
-34.522522334109915 -58.70097041130066
-34.52252012422856 -58.70100796222687
-34.52251349458412 -58.70102941989899
-34.522515704465654 -58.701032102108
-34.52252012422856 -58.70096504688263
-34.52252454399122 -58.70091676712036
-34.52252454399122 -58.70091140270233
-34.52252675387246 -58.70090335607529
-34.52252896375365 -58.70087921619415
-34.52253117363478 -58.70086848735809
-34.52253559339686 -58.70085507631302
-34.52253559339686 -58.70082825422287
-34.522537803277814 -58.700809478759766
-34.522540013158704 -58.70079070329666
-34.522542223039544 -58.70076924562454
-34.52254443292032 -58.70074510574341
-34.52254443292032 -58.700710237026215
-34.52254443292032 -58.7007075548172
-34.52245603764352 -58.70054394006729
-34.52243614869332 -58.7005278468132
-34.5224250992745 -58.70050638914108
-34.5224140498542 -58.700479567050934
-34.52240521031691 -58.700447380542755
-34.52240300043244 -58.70043933391571
-34.52239416089397 -58.700420558452606
-34.5223875312395 -58.70040446519852
-34.52238090158452 -58.7003830075264
-34.5223720620437 -58.70037496089935
-34.52235880273072 -58.70035082101822
-34.52235217307345 -58.700332045555115
-34.52234112364347 -58.70031863451004
-34.52233670387107 -58.700305223464966
-34.52233228409844 -58.700294494628906
-34.52231239511868 -58.7002569437027
-34.522305765457716 -58.70024353265762
-34.52229692590893 -58.70023012161255
-34.52229029624672 -58.70020866394043
-34.52229029624672 -58.70020866394043
-34.522495815529695 -58.70050638914108
-34.52248476611878 -58.700468838214874
-34.52247813647153 -58.7004554271698
-34.522471506823734 -58.700431287288666
-34.52246045740961 -58.70041251182556
-34.52244498822734 -58.70038837194443
-34.52242730915838 -58.70034545660019
-34.5224250992745 -58.700337409973145
-34.522418469622494 -58.700321316719055
-34.52240963008568 -58.70029717683792
-34.522398580663314 -58.70028108358383
-34.52239195100921 -58.7002757191658
-34.52239195100921 -58.70027303695679
-34.52238090158452 -58.70025962591171
-34.52236101261637 -58.70023012161255
-34.522354382959264 -58.700211346149445
-34.522349963187565 -58.700173795223236
-34.522349963187565 -58.70016574859619
-34.52219306114045 -58.700101375579834
-34.522124554520126 -58.70007187128067
-34.5221532831097 -58.700090646743774
-34.52218422157969 -58.700090646743774
-34.522175382018006 -58.700096011161804
-34.52216212267373 -58.70008796453476
-34.5221532831097 -58.700074553489685
-34.522111295167754 -58.700058460235596
-34.52209582592065 -58.700042366981506
-34.522003010377695 -58.69999945163727
-34.52194555308499 -58.69997262954712
-34.521919034321144 -58.69996190071106
-34.52197870152793 -58.699986040592194
-34.521983121319316 -58.69998872280121
-34.52199638069209 -58.7000048160553
-34.5220339489035 -58.70001554489136
-34.52204499837422 -58.70002090930939
-34.52205383794974 -58.7000235915184
-34.52207814677758 -58.70003163814545
-34.521954392671056 -58.6998787522316
-34.52198091142364 -58.69988948106766
-34.5220162697473 -58.69990825653076
-34.522038368691966 -58.69991362094879
-34.52205825773714 -58.699932396411896
-34.52207814677758 -58.69994044303894
-34.52209582592065 -58.699943125247955
-34.52211350505996 -58.699953854084015
-34.5221333940872 -58.69996190071106
-34.52214886332733 -58.69997262954712
-34.52216654245539 -58.69999676942825
-34.52218201168936 -58.70001286268234
-34.52219969081038 -58.70001018047333
-34.522219579817055 -58.70001286268234
-34.52223283915218 -58.70002090930939
-34.52224609848521 -58.70003432035446
-34.520842807364566 -58.69983583688736
-34.520849437141976 -58.699811697006226
-34.5208737463213 -58.69978219270706
-34.520920154734846 -58.699707090854645
-34.52097098296763 -58.69964271783829
-34.5208737463213 -58.69964808225632
-34.520948883739806 -58.69988948106766
-34.52097319289011 -58.69991898536682
-34.521101368292555 -58.70009332895279
-34.5210858988579 -58.699811697006226
-34.52111020796821 -58.69984656572342
-34.5212759517131 -58.69945764541626
-34.52130247068168 -58.699487149715424
-34.52133119955479 -58.69952738285065
-34.521379817625146 -58.699449598789215
-34.52136876806619 -58.69941204786301
-34.521353298681184 -58.69939863681793
-34.521326779728795 -58.69941204786301
-34.52134003920605 -58.69947910308838
-34.521355508593516 -58.69950324296951
-34.521364348242194 -58.69950592517853
-34.521364348242194 -58.69949251413345
-34.52136876806619 -58.699481785297394
-34.521364348242194 -58.699476420879364
-34.521353298681184 -58.69946837425232
-34.521344459031326 -58.69946300983429
-34.52133782929332 -58.69946300983429
-34.52133561938053 -58.699471056461334
-34.52133561938053 -58.699481785297394
-34.52133561938053 -58.699487149715424
-34.52133782929332 -58.69950592517853
-34.52134887885637 -58.69952470064163
-34.52135108876881 -58.69952470064163
-34.52161406793008 -58.699827790260315
-34.52163616698145 -58.69984120130539
-34.52166931554751 -58.6998787522316
-34.52170467400344 -58.699953854084015
-34.52174666215034 -58.69997799396515
-34.52168699477735 -58.69976609945297
-34.52172898293316 -58.699806332588196
-34.52174666215034 -58.699849247932434
-34.52177318096906 -58.69986265897751
-34.5218085393809 -58.69988948106766
-34.52269028492193 -58.700610995292664
-34.52270133430558 -58.70062172412872
-34.52270575405863 -58.700605630874634
-34.52270575405863 -58.700605630874634
-34.522710173811454 -58.70059758424759
-34.52271901331638 -58.70058685541153
-34.52272785282037 -58.700578808784485
-34.52272564294445 -58.70057612657547
-34.52271459356403 -58.70057612657547
-34.52270796393507 -58.70057612657547
-34.52270354418213 -58.70057612657547
-34.522692494798775 -58.70059221982956
-34.522692494798775 -58.70059221982956
-34.52269470467556 -58.700600266456604
-34.52270575405863 -58.70062708854675
-34.52271238368777 -58.700610995292664
-34.52271238368777 -58.700610995292664
-34.52271459356403 -58.700584173202515
-34.522721223192455 -58.700584173202515
-34.52273227257202 -58.70057612657547
-34.52271238368777 -58.700573444366455
-34.522710173811454 -58.700573444366455
-34.522710173811454 -58.7005814909935
-34.522710173811454 -58.700605630874634
-34.52271901331638 -58.700589537620544
-34.52271901331638 -58.700589537620544
-34.52271901331638 -58.70058685541153
-34.52271901331638 -58.70058685541153
-34.522946630245244 -58.700463473796844
-34.52295325985522 -58.700468838214874
-34.52295988946466 -58.700463473796844
-34.52297756842057 -58.70044469833374
-34.522984198028084 -58.70040982961655
-34.522981988158975 -58.70040714740753
-34.522975358551285 -58.70042324066162
-34.5229576795949 -58.700425922870636
-34.52295325985522 -58.70042324066162
-34.52295104998529 -58.700436651706696
-34.52295104998529 -58.700436651706696
-34.52296651907357 -58.70044469833374
-34.52296651907357 -58.700436651706696
-34.522964309203985 -58.70042324066162
-34.52296209933435 -58.70041251182556
-34.5229576795949 -58.70040714740753
-34.522946630245244 -58.70043933391571
-34.52294442037515 -58.700447380542755
-34.52294442037515 -58.700447380542755
-34.52295988946466 -58.70042324066162
-34.52295546972508 -58.70042324066162
-34.522948840115305 -58.70042324066162
-34.522895803217985 -58.70030790567398
-34.52289801308938 -58.700332045555115
-34.522902432832005 -58.700332045555115
-34.52291127231652 -58.700315952301025
-34.52293116115328 -58.70031863451004
-34.52293116115328 -58.700299859046936
-34.522924531541555 -58.70029717683792
-34.522917901929304 -58.70029717683792
-34.52290906244548 -58.70029181241989
-34.52290464270321 -58.700294494628906
-34.52290022296072 -58.70030254125595
-34.522917901929304 -58.700321316719055
-34.522917901929304 -58.700321316719055
-34.522981988158975 -58.70021939277649
-34.52297756842057 -58.70019257068634
-34.52296651907357 -58.70019793510437
-34.522964309203985 -58.7002032995224
-34.52296209933435 -58.70021402835846
-34.522968728943084 -58.700216710567474
-34.52297756842057 -58.70021939277649
-34.522984198028084 -58.70021939277649
-34.52298640789713 -58.700216710567474
-34.52299303750393 -58.70020866394043
-34.52299303750393 -58.70019793510437
-34.52299303750393 -58.700184524059296
-34.52298640789713 -58.700173795223236
-34.522968728943084 -58.700184524059296
-34.522964309203985 -58.700189888477325
-34.52304165460434 -58.70018184185028
-34.52304165460434 -58.70018184185028
-34.52304607433933 -58.700184524059296
-34.523050494074084 -58.700184524059296
-34.52305712367579 -58.700189888477325
-34.5230593335429 -58.700195252895355
-34.5230659631439 -58.70018720626831
-34.52306817301078 -58.70016574859619
-34.5230703828776 -58.70016038417816
-34.5230659631439 -58.70015770196915
-34.52305491380861 -58.70015501976013
-34.52304607433933 -58.70016038417816
-34.523035025001406 -58.700173795223236
-34.523035025001406 -58.70018184185028
-34.52303723486911 -58.70018720626831
-34.52304828420674 -58.70019793510437
-34.52304828420674 -58.70019793510437
-34.52304828420674 -58.70019793510437
-34.52306817301078 -58.7002032995224
-34.52307259274437 -58.700195252895355
-34.523077012477714 -58.70019257068634
-34.5230792223443 -58.70018720626831
-34.52308143221084 -58.700173795223236
-34.52307480261108 -58.70016574859619
-34.52310132100696 -58.70026499032974
-34.52310132100696 -58.70026499032974
-34.52310795060461 -58.70026767253876
-34.523112370336094 -58.70026767253876
-34.52311899993286 -58.70026767253876
-34.523127839394405 -58.70026230812073
-34.52313004925965 -58.70025962591171
-34.52313004925965 -58.70023548603058
-34.52311899993286 -58.700232803821564
-34.52310574073879 -58.70023816823959
-34.52309911114096 -58.70024621486664
-34.52311679006732 -58.70024353265762
-34.52311679006732 -58.70024353265762
-34.52311899993286 -58.70024889707565
-34.523110160470374 -58.70027035474777
-34.52310574073879 -58.70026767253876
-34.52310132100696 -58.70026499032974
-34.52309911114096 -58.7002569437027
-34.52309911114096 -58.70025426149368
-34.52310132100696 -58.70025157928467
-34.52310132100696 -58.70025157928467
-34.52342396081404 -58.70045006275177
-34.52168699477735 -58.701109886169434
-34.52272564294445 -58.7001496553421
-34.522738902199045 -58.70014697313309
-34.522747741700925 -58.70013356208801
-34.52276542070188 -58.70008796453476
-34.522683655291026 -58.7002032995224
-34.52273006269622 -58.700310587882996
-34.52275879107695 -58.70028108358383
-34.52281182806151 -58.700232803821564
-34.522840556414046 -58.700173795223236
-34.52286486501229 -58.70014429092407
-34.52277426020093 -58.70010405778885
-34.52276542070188 -58.700096011161804
-34.52277205032625 -58.700101375579834
-34.522787519447775 -58.70010405778885
-34.522794149070414 -58.700085282325745
-34.522787519447775 -58.70008260011673
-34.52278309969907 -58.7000772356987
-34.52278309969907 -58.7000772356987
-34.52278088982462 -58.7000772356987
-34.52316540709551 -58.700315952301025
-34.523183086007805 -58.700337409973145
-34.523229493134735 -58.70038032531738
-34.52306375327696 -58.70044469833374
-34.52308364207731 -58.70046615600586
-34.52310132100696 -58.70048761367798
-34.522814037935134 -58.70065659284592
-34.52283171692202 -58.70064049959183
-34.52284939590514 -58.70061904191971
-34.5228670748845 -58.70059758424759
-34.52287812424471 -58.700562715530396
-34.522893593346524 -58.700546622276306
-34.52291569205843 -58.70052248239517
-34.523169826823924 -58.700678050518036
-34.523198555053 -58.7006351351738
-34.5232449621713 -58.70057076215744

