-34.52133782929332 -58.70068073272705
-34.520772089706036 -58.702311515808105
-34.52126711205503 -58.70325565338135
-34.52186820666683 -58.70265483856201
-34.522433938809684 -58.70325565338135
-34.522151073218545 -58.70419979095459
-34.520701371987464 -58.70377063751221
-34.51995883231789 -58.703813552856445
-34.518615172281685 -58.70411396026611
-34.51893340951202 -58.70248317718506
-34.52154998064796 -58.70565891265869
-34.522504655057375 -58.70668888092041
-34.523141098584965 -58.705787658691406
-34.52317645641613 -58.70450019836426
-34.524131112184136 -58.70419979095459
-34.52331788759071 -58.70312690734863
-34.528974937647234 -58.70870590209961
-34.53031843056757 -58.710336685180664
-34.531237650076825 -58.7083625793457
-34.53031843056757 -58.707075119018555
-34.53010630154747 -58.708534240722656
-34.53243969104705 -58.71025085449219
-34.53272252169466 -58.709306716918945
-34.5328639366582 -58.70823383331299
-34.532315952336624 -58.70741844177246
-34.532245244419535 -58.7064528465271
-34.53155583908121 -58.70664596557617
-34.53311141226645 -58.70623826980591
-34.53365939135286 -58.70540142059326
-34.53454322098951 -58.7048864364624
-34.53760119914037 -58.70720386505127
-34.5383966085746 -58.70789051055908
-34.53899757955123 -58.70866298675537
-34.53989902788129 -58.70973587036133
-34.53952784445702 -58.70945692062378
-34.53938644081243 -58.70919942855835
-34.53876779704305 -58.708298206329346
-34.53931573890005 -58.70885610580444
-34.539563195330636 -58.709049224853516
-34.54023485907704 -58.709778785705566
-34.54048231277534 -58.71016502380371
-34.54095954283041 -58.71085166931152
-34.539563195330636 -58.7099289894104
-34.53873244583166 -58.709092140197754
-34.53804309420877 -58.70827674865723
-34.53742444045621 -58.7074613571167
-34.537742605817456 -58.70688199996948
-34.53745979222307 -58.7069034576416
-34.53728303323868 -58.70668888092041
-34.53860871647353 -58.70761156082153
-34.53926271242635 -58.708298206329346
-34.53940411628113 -58.708062171936035
-34.53961622161293 -58.707847595214844
-34.540128807266846 -58.70913505554199
-34.540305560208765 -58.7089204788208
-34.54049998801136 -58.708598613739014
-34.54023485907704 -58.70799779891968
-34.539952053949634 -58.70776176452637
-34.54076511610121 -58.70838403701782
-34.54101256822318 -58.70896339416504
-34.541348394926366 -58.70919942855835
-34.54138374502683 -58.70965003967285
-34.541100943802746 -58.71012210845947
-34.540570688917896 -58.71065855026245
-34.540305560208765 -58.71119499206543
-34.540128807266846 -58.71140956878662
-34.539209685918884 -58.710315227508545
-34.5197820361829 -58.700809478759766

